68015
92231
53935
69112
15309
97056
57317
6434
75122
80394
41668
77575
30054
88127
97478
55400
17031
65565
48167
93563
34133
4167
4509
70012
89746
17567
21014
86640
66676
17802
95502
45052
13520
82417
48088
196
29109
30472
10253
11101
32164
23345
69783
61922
55542
65342
8712
37927
65944
87227
88190
60523
7095
46725
43170
14714
95459
97396
26103
44071
53111
86885
29420
55432
51886
56912
78124
87401
29921
53698
7591
7264
52579
98783
45728
18715
21890
40114
12024
83534
28277
1118
91385
48873
14245
47831
35899
30410
85726
113
32316
59529
28230
7890
27025
23650
39491
46199
40191
97005
4044
7328
1747
62489
89165
5126
90608
22727
81167
53672
73640
38214
22974
56269
38719
88258
74140
61362
42288
44932
45703
6517
40007
90374
449
37864
53623
1284
51503
86321
40630
45768
31808
2787
97791
98341
72643
85888
91210
65812
87030
59793
95730
70569
31954
46621
84117
90271
52048
51604
80024
14076
11994
82804
89680
6211
80035
2046
21038
3184
57732
47504
75404
66784
58106
44552
92371
96711
99701
28126
70586
70129
7190
64697
15750
8698
36237
56622
4160
84459
5685
70054
63249
68617
65815
18380
78776
25712
25104
35068
86680
95466
76154
47104
91095
22545
19144
87566
46897
86599
42328
871
21654
1564
46599
19908
29744
70109
6147
45844
19236
34482
87923
84258
89410
18180
29097
17869
33991
94839
88246
75853
71678
93347
32563
69744
36792
45000
64751
39179
4734
93723
47366
75423
13168
76610
66361
72202
97659
4820
25358
41519
6334
46804
99736
16722
454
10467
75911
37936
97155
24075
64
12121
75292
26879
95263
23085
73198
17177
1687
88032
93960
81453
6041
34312
88278
93800
99889
1732
50906
82795
58143
34899
48086
5621
64899
655
41209
17749
30709
94393
90971
53573
55942
16442
67950
51751
31984
49481
56533
76584
70341
23549
74131
78929
16326
48670
43709
34263
29575
71171
79317
94574
77424
23358
13897
54245
81890
67521
8195
56980
24959
62831
22683
1656
23640
80563
45334
52315
90546
225
57926
35817
53290
20191
30791
51799
50500
95545
15024
11164
47228
60395
33820
44920
82112
91521
96436
89237
70583
54017
93018
88504
75807
49526
56735
92553
91953
16938
47634
54485
88249
896
81954
78869
92904
14942
27474
81876
66835
43643
31630
23484
37182
98722
21998
24464
2208
27281
58478
36214
20485
445
16193
56619
96160
58483
74035
40510
80623
9865
77661
93031
76328
44083
55871
18119
67774
60413
64989
32474
88669
65538
13074
1745
18842
85307
78925
9557
44497
1190
48597
78854
60733
46768
93370
49174
29431
23526
62397
40109
88706
20321
8477
72640
13132
46243
58433
70068
24260
19879
3443
30913
51942
56116
13361
4146
84946
42295
95662
77969
99040
32033
24597
31727
31629
44390
56779
61204
64384
28280
82725
12961
55509
89097
76416
75139
61057
94126
30282
2620
45137
27070
72844
98873
9251
53155
39159
15514
90984
83095
74353
4087
61916
88820
72737
63729
99672
73898
68640
1941
63775
15542
15058
95815
46486
82778
17523
22637
92210
9232
37395
49815
97698
87883
13818
91667
13238
50663
45593
64066
10786
13407
87057
69968
43117
16798
83409
54470
90217
86356
14140
57173
70480
57578
42538
87657
76061
75847
11136
70754
58260
58802
40449
49403
54171
22506
4319
80140
56499
3469
54630
62722
8047
6945
39432
66755
17638
64658
98252
66045
12331
18372
40285
30185
16557
56257
17843
11263
9328
62145
91221
11675
28590
38746
65943
96561
83352
46865
5574
57576
4300
21971
10605
43879
11837
78682
346
49771
96941
70974
51541
69504
76922
19860
58237
27185
23275
25845
13633
85062
95448
64630
53978
80338
30451
65284
61494
23079
84963
83592
80534
13572
83823
60752
63561
43081
94580
84102
58070
10943
94919
14013
20856
48870
17933
98616
80656
59148
63630
83897
82419
22905
6887
12333
22360
8275
57423
60266
88118
65716
11320
1456
4614
43798
90558
8209
73651
3115
2703
75545
9786
77941
14237
34266
31570
38130
20295
56277
22522
74647
80618
46537
27398
52426
64271
66901
66390
80583
44661
36932
21015
46548
18258
43900
29815
53681
26873
45711
5513
62214
43689
11508
75079
68469
75869
47292
24533
46626
40075
21975
23493
46940
5826
34471
28803
53043
72720
65038
80407
91857
9844
52411
89967
7270
742
99481
84600
46660
30790
83423
70677
76163
60993
85215
67081
9102
95956
51028
88467
3953
39630
53024
9384
16395
6818
83369
21646
36890
22062
34885
67419
89152
9596
98473
63444
42021
73835
12745
29754
82029
15188
25216
97764
51477
24929
92659
63258
9284
92398
47764
55530
17609
20190
52421
26492
14119
86140
24533
77676
98101
14629
17424
31691
5673
80309
7717
72327
32846
62691
23537
14809
92996
32426
1994
72451
82908
16663
33404
47325
37678
63107
90141
10296
4047
53360
72085
61130
76146
9121
48230
52210
5008
395
23995
51474
92342
24436
35851
79952
37601
59644
33235
36520
47378
25057
69316
59159
18110
76844
50852
12976
15866
69647
77038
51045
67716
10030
54654
37222
90129
83309
10327
83876
36357
80129
9706
33004
75305
86411
88957
19
13100
33380
26399
24851
81988
1954
22125
89881
64474
31259
91784
49618
63092
6015
95220
77926
75230
28666
74491
83028
94778
53196
10726
97047
98255
80686
47744
49891
78734
47075
56850
28238
55489
75619
68040
44520
68786
87047
89879
48215
58319
97233
7991
79041
23135
70196
78262
30839
20575
40558
30723
257
49616
60079
25980
8497
9481
44392
54788
72010
30505
80774
21002
67895
27170
99889
80638
83600
89945
82611
32684
20542
51914
91377
85426
49750
28759
74774
22105
43321
20666
47925
23412
45381
81828
55035
13696
85448
43197
55350
57765
31091
49256
49659
6372
82656
98338
45207
23748
73765
44674
67331
93482
28927
62861
80266
93712
3973
34797
68582
53117
32657
12798
21166
35663
29841
3436
87883
11568
21305
23522
79841
46927
51481
65644
90659
67366
8073
77679
75325
29009
81514
43226
33270
80821
71604
81733
56816
38827
31899
91426
62188
6676
57310
9412
259
47560
64624
81213
51887
78623
22357
54172
54512
18951
41928
44090
93571
71623
22918
92899
50271
70338
9298
51785
19786
99834
15607
36865
10882
68748
44662
7827
77895
55671
34926
92586
1832
18228
21142
14754
26181
71525
17386
64140
53450
98120
14726
19608
23116
64018
35767
36062
4326
43441
16320
5409
37657
19032
50916
33484
12094
965
48056
7332
87491
36036
89831
1051
79079
99702
60818
15977
14371
63110
48665
23249
76082
44907
65884
8164
16047
17617
50520
34420
7179
7485
46621
44905
1021
74439
45432
74334
35596
24708
13245
75558
4083
13941
98919
21715
3430
43276
18794
72439
91714
44662
37177
50423
13947
29158
33948
5152
24809
16149
63267
99521
96276
6501
44243
81309
840
15170
34509
41170
43073
73720
80813
56985
45593
58285
91390
11542
69508
40283
94184
74243
72841
35204
31834
40508
16588
41996
6379
86981
22779
96487
11140
47897
68014
66428
73068
38218
37471
42900
65239
46874
36680
27663
13111
49764
17113
43962
60360
70022
96
39247
83579
38255
79793
44968
65515
45989
44545
85789
66757
82062
18248
73939
28153
67434
61879
74509
34595
46090
27366
27982
48327
83659
22171
68001
20390
59803
62320
60444
41791
71563
74393
37905
67170
58079
98416
51092
11198
42047
34956
13712
27360
12322
19090
51901
66506
1386
92535
7360
6488
87415
36291
30318
37771
57978
96234
13791
83917
26142
36360
51129
27031
21516
91496
62489
92056
37859
91597
24895
69264
81716
19052
60860
2576
4108
17057
63014
11408
80707
1823
17054
14274
31686
11004
37333
82905
91957
40419
87617
85476
70402
23443
71485
31810
72129
59779
97508
29890
89670
60429
71375
54883
85699
38772
97986
5516
15689
9277
72941
85706
98347
18292
76731
85986
75173
59195
41896
21731
27629
52752
85786
55188
41840
8508
13180
1460
37775
5413
40620
9987
28213
24384
33760
40930
84449
74834
55052
47629
74608
93294
64352
85853
67100
50094
11194
29093
13954
81797
88668
30532
46370
10283
16485
55682
62163
36654
60479
18664
67506
74177
81062
37633
29104
38549
21156
49673
5775
65669
78292
75002
69441
83222
5257
10306
35510
36727
24858
39065
89146
13129
22559
6505
39844
58460
90899
691
25490
48375
63937
23088
8624
49795
30110
23058
19672
2910
52556
29558
6469
86521
67932
5045
113
75098
51473
27512
22525
7191
12060
81531
27570
78198
92142
4065
87895
17945
84891
47820
27646
29515
95058
11809
613
781
26409
25207
98147
86965
99584
26853
19873
3292
52047
26830
20445
84647
84730
76760
37183
34806
67351
79111
699
68679
6470
15045
44886
4795
13217
33994
10177
85727
18237
35532
70968
59909
15074
3549
60999
3338
56484
91083
60949
56583
89770
15280
63587
82938
28393
95145
38772
63237
2485
60982
59923
73905
84688
69960
35606
57205
63441
92923
20199
42516
19338
37770
88327
94348
1650
9019
18243
77594
8844
56195
25567
12635
48454
19892
24490
42293
55361
39568
84646
75252
74257
17107
22678
81830
69912
4894
37889
24306
42358
31742
38906
75014
38064
57222
79687
57127
71599
72151
43844
64441
18680
50303
6844
60563
72376
29480
98305
55728
95293
86169
5021
62273
83831
26072
86225
94563
11546
73817
80440
12847
95621
19256
47632
95937
8264
92234
67097
77967
92894
54681
14078
71007
94793
56803
54400
41270
76682
49271
86669
42301
47504
35638
54574
44911
97779
52372
94888
5625
87541
39984
19120
82436
23783
46830
86922
11098
88571
44539
68423
13687
97619
60515
43197
4768
17306
6679
53268
79602
92445
56644
89502
72077
68853
71630
88394
83415
67571
52515
18849
37854
19414
39728
93225
74329
11971
60439
69260
24861
38787
11616
93254
86688
49296
47995
20495
39417
82691
95236
34874
91246
1754
39647
37739
68744
89015
38535
3876
3902
5988
77538
37729
94335
40706
98396
3690
75292
82936
65380
57827
7907
73125
7014
27219
93874
21811
1529
66434
29725
94715
54350
26777
76761
50867
30247
95466
80539
92498
83214
44813
98413
61990
46512
73520
59120
31236
53861
14342
90670
82860
18223
9799
55392
99640
69731
35802
6252
55816
18002
44090
20002
11091
13950
77529
90365
48166
31223
94739
42306
38915
67404
30948
16384
55115
13852
41809
70535
18267
37422
48119
90348
20119
37513
50462
69590
20415
98948
7865
12038
88905
12102
62682
90692
9106
29876
17694
74111
94113
75625
53298
51944
12169
92774
17163
32579
43548
37179
87562
22531
70441
8365
30672
26096
23310
90836
11846
19443
7086
66955
18675
50409
33688
52531
74266
44627
23016
25304
33805
50733
6856
55523
57558
29732
80939
47964
62022
41642
3034
85072
52665
98192
18171
21548
55915
83987
27889
51943
75246
13737
12757
30473
56978
91387
86183
14516
75987
61009
49129
39007
91966
46666
6807
56371
31102
92046
17643
30441
39418
66925
74665
34509
41525
6935
80296
13443
20679
8185
79470
42505
43027
24215
45781
47119
58104
3771
41650
52331
89398
10772
33532
33255
47420
22426
69909
1091
46723
16205
26102
39040
8292
33781
26125
8197
42763
18661
55012
29462
35229
48949
17030
86963
25188
35803
79940
52442
28082
55700
38142
50298
50560
77502
54447
48987
44221
95343
26381
34988
67441
49283
62882
81753
41528
43648
19649
25930
35486
61152
17062
99300
38105
41562
51048
73748
93044
98077
2127
28630
35951
43709
85767
53360
74616
42351
25063
44970
46937
96607
82099
33867
47151
5438
10388
75941
34663
53030
15153
60628
27313
41374
17043
13127
73350
74267
16327
16121
74613
39058
96445
22921
45777
92247
99301
94839
90682
96240
50559
70754
2896
7194
55857
77330
691
58512
604
1629
60293
61528
31399
16659
28277
16558
73475
97116
74664
73647
46696
97644
87567
42426
38833
79406
30344
27769
51749
36357
7756
80849
83878
74921
87784
14623
31021
45272
77014
98800
68832
38952
45345
45210
20596
91113
29527
75707
80476
664
74131
92488
27023
52479
43439
16622
6383
12291
11082
50247
17766
91479
7898
16449
60018
20161
52197
48588
44800
30856
93512
93341
58073
15641
37513
99028
22765
32997
69214
24781
19071
9924
1770
1610
51010
30335
89410
46496
32399
65601
57923
57517
5423
4559
35196
63753
39962
49748
16346
40040
67551
38881
35627
91272
12987
79107
48478
35438
82235
93649
89690
39278
11056
35204
77060
8529
69774
85365
16121
39465
51796
87360
47993
61827
10436
83737
49846
29543
46597
6913
30489
94358
60156
97993
79797
16596
54060
78551
86293
29902
22165
42468
95377
50058
14326
73361
88678
82695
59695
84914
70465
81164
16587
19804
11207
24005
47880
26972
51055
46777
72432
56930
5253
36654
78368
36564
92532
68186
11761
44720
48462
87373
67733
46905
26295
7425
20320
33203
14902
4946
43225
7025
10055
93867
90851
98847
50781
31131
44179
42655
67663
36288
6292
51226
21174
62930
36113
21120
31105
23306
81371
57961
71581
15217
51680
52984
56603
64980
33371
8925
61811
85730
28959
93005
57445
58318
2300
85645
69766
27049
44421
71525
90639
40337
29176
67249
21593
9433
86195
58416
4291
80963
24305
97813
76884
17136
44181
83994
11416
55200
25213
81340
74725
99260
77709
91340
1262
49204
84195
69624
88597
75503
55595
19244
24594
78223
66924
3844
95644
79177
376
35722
37312
38349
65767
59171
45394
23083
75937
37113
30368
84805
60520
53655
56602
81232
66109
67563
32294
82724
14311
52278
93012
38304
99926
52464
54213
60250
14664
14548
71551
140
91234
97804
96842
77542
87589
85210
5072
21477
88209
25154
76408
73145
84129
88096
48799
7264
62738
16334
50839
29109
55101
40253
21680
96982
49804
89442
70143
10270
88491
82923
35244
89326
30762
89066
4121
14865
93051
4692
20614
92201
24768
13633
91346
69937
79292
30989
43126
24014
99168
55552
35972
39858
66578
57042
62459
54241
43232
21557
45010
84426
16331
38416
10580
86322
40321
32389
13369
57905
18207
75181
19585
57989
99476
54261
69668
67333
1093
73909
91495
69282
31786
47032
34769
96863
44733
63960
34443
41091
53912
51119
93245
63234
77763
11653
16184
54895
36909
59654
21
49518
50388
90189
23818
93546
46220
2893
57375
42639
40459
38489
98156
87848
47247
83128
37784
30170
19192
75383
81261
76824
95765
97881
34953
85966
72165
81554
81299
56707
12932
54612
65576
97768
6697
8325
14544
69145
79701
6947
4294
44064
30719
78186
49970
31069
96521
78185
77111
19810
54686
56300
98856
61604
6441
86646
14023
98804
84511
24056
89548
49999
23619
96131
87493
1118
33169
5950
2776
62830
38568
1623
3590
31462
93030
98481
99707
54811
59082
25926
70249
39306
71300
78935
36681
21923
13957
63144
85062
93978
79487
39196
43883
79114
45762
40754
26125
99977
74779
3121
36041
44918
28543
40370
98242
547
37822
45333
89975
76807
11366
48204
62207
23673
82033
48181
11651
61713
68842
42295
68051
14006
9357
95871
72934
10716
17127
29982
63229
47847
17419
50878
21233
44585
45276
58512
25998
8178
7723
39038
78879
5386
14487
85331
16032
76502
49135
96981
28109
68913
37667
60399
55739
71242
31445
87566
69395
33894
49820
61204
59682
46666
746
27032
56859
37455
26763
92857
90889
70255
46937
11546
33277
78933
65784
37335
47648
77181
19913
28785
26636
38584
21665
84064
80500
54262
31097
32732
34606
87830
21703
45536
6949
88268
24706
85045
97494
28741
80275
53153
24509
87641
41657
2672
96793
38894
20936
27678
25215
2851
19161
65174
49752
89294
1508
9580
69132
81763
67755
26557
76915
48136
17411
56263
97760
84366
45638
44009
38490
43916
90146
44322
62979
42081
70857
59756
1080
75688
79917
26149
58878
26161
34527
54030
12107
20397
80205
8166
81487
48920
96938
69986
81003
92064
25703
75057
17490
43116
98675
23459
19428
28412
91829
54009
48915
57982
17250
20570
27512
8158
56977
80743
71136
25130
55890
31567
87563
13899
90003
61648
63986
61701
69240
52755
44479
35851
19000
15318
38668
69412
23187
92335
74773
41373
21575
7000
49058
98960
39923
50983
85147
25074
1001
86980
19763
9264
34640
34054
25117
52853
86535
79245
35660
90609
91773
27158
20660
88780
16219
72868
52269
73923
90179
22327
38487
34087
83695
41921
23880
14171
4522
76725
41729
57547
24240
14896
60918
55159
23929
25555
33016
68263
17832
69562
26915
31488
15306
33205
28604
52402
16936
21569
26487
57180
57075
63218
98467
60295
6915
33041
37193
84194
12956
59062
81856
64804
94886
49150
91763
98794
82282
86243
89110
42954
80588
44995
50804
42303
72993
79298
20645
87787
54046
30669
10552
40230
89248
76941
77965
9014
45285
47862
52952
54510
68910
51081
31634
2200
38034
8506
84576
34705
52545
81506
35472
57429
26940
468
2693
8709
44788
9520
6310
52289
6889
48803
84719
81202
92843
85375
80329
90969
62952
9368
74673
17245
51119
22222
21383
24300
49177
8023
49068
85333
15064
40325
10142
90076
47635
56766
41121
9939
46494
91229
28520
69114
68102
96226
77046
76268
79129
76859
71586
1446
79568
83184
85517
7456
73779
52577
28302
72818
94351
11486
7930
15065
62277
76622
36171
83712
76138
86459
21397
40447
71466
27082
87908
50318
11348
88512
88516
35654
26665
86013
66778
36770
75231
7227
1427
55941
32968
95415
70669
37459
31064
86100
8418
63151
14929
9004
12566
33879
85223
66581
2143
42735
56927
33453
57249
3909
37141
92812
74080
79254
50651
61836
2850
71107
53445
8448
3198
23987
21509
6865
68519
12488
18502
90480
14981
23929
19275
72176
76033
421
4504
67840
74999
47242
13828
59371
3581
97000
41277
77761
91597
9907
21394
41718
61360
89497
90567
48576
46374
81170
10714
46456
80201
50534
48508
21845
27071
81135
37207
26751
86336
19078
16963
27516
80753
23411
8269
71847
89558
49133
90921
82463
11935
65847
98219
43304
23405
56869
29787
8253
69207
73338
35784
44785
18900
52565
76699
12622
18425
27352
93011
85074
85083
85056
52080
64117
13418
48695
3849
30425
95966
22106
20704
19562
29562
39932
4239
84004
80020
40679
61617
86715
94537
76698
45490
77276
7204
3805
1327
86226
61095
61884
59144
38049
64641
36615
79689
59634
8133
2214
71680
90292
20882
37359
36469
5646
9945
5020
40916
56180
63916
34311
62375
53318
5387
1663
85067
45508
49467
5370
28805
46168
60076
89872
17345
71038
10471
99767
19142
34862
92645
52004
72183
32428
64771
54636
28157
17484
15718
63068
40864
94763
1481
34092
19176
14628
998
96261
92088
99837
4382
57071
49128
53924
7903
70253
29184
67267
29262
30375
81805
81452
73927
66920
26294
49291
92210
2563
25557
48637
15733
43425
63065
97946
70037
90132
10321
68565
37439
48003
9456
83068
13193
44193
97972
75333
14639
29749
6291
65091
61336
19981
66676
57446
61435
95170
1505
54918
76962
32675
3641
64938
75486
73550
75018
5077
29256
62064
74794
90190
51280
36633
78792
77601
38972
15886
79996
64446
95637
25707
95270
51472
81469
96417
5443
82613
90267
32288
22514
26211
77587
87530
76841
89924
92612
82825
66421
49375
17416
86449
50633
39780
78706
47503
23948
49282
64145
64913
3168
69834
45573
99304
81384
47129
81381
15096
6738
18989
54004
80091
94108
57794
18131
43578
21167
73043
86787
84023
9368
21757
97462
11247
86328
26889
71169
97989
87987
94714
85614
50312
60815
48769
32435
91087
98693
52258
91935
82941
1127
99920
61807
43761
40403
69761
75010
41162
60938
87811
61659
47423
90508
82530
19198
66300
85879
99298
55174
51509
52025
20498
92468
10560
86859
6476
91252
57756
56347
48703
11352
70354
85319
49525
21288
46867
29358
82927
33761
78398
78119
53181
45538
76942
14054
32892
90873
38712
2517
60994
15567
39358
40126
4204
65634
27896
37055
70225
89079
40396
9140
84432
37936
58436
80571
69790
67366
71051
24504
44365
98062
92195
29315
44429
79762
68031
98511
74737
96448
97720
76976
52880
33828
88838
60005
98130
49261
26200
27323
69775
38428
20482
46865
27950
30530
22966
14662
34176
16895
37977
38041
20429
98201
14019
71909
65079
47998
18904
62946
65473
92693
86630
62235
24671
36372
94421
29760
14783
33166
1330
692
9200
79348
78648
11801
7622
49147
67083
4598
73200
9729
80749
8544
67039
35710
15412
43923
10945
64086
69614
1746
36810
78923
37290
30645
83007
65261
54777
73029
93002
88309
28062
35237
28978
77325
768
24162
80499
25941
15086
38520
77400
97283
79318
80038
26999
89631
87808
58258
79137
27781
83578
244
46381
73523
78587
18841
6403
40230
82402
43216
45779
69869
96873
10212
72930
87235
2917
35670
61702
13744
41460
9654
94881
68828
50137
94807
82850
88516
1239
10213
9615
76859
59588
90116
93331
57891
5302
52409
58154
45724
52145
89190
13071
8558
76028
48391
83255
95301
52324
42380
21140
40592
50147
84690
57121
962
37648
36266
71972
38825
35179
23728
6914
17986
83639
56526
28918
8042
51870
84003
30858
98378
95386
50054
34152
42576
95258
51802
35630
2731
80238
47395
78619
41812
26870
75497
37176
55663
57396
23405
32869
59516
12604
27000
7912
91791
73415
25486
68910
53198
53435
13826
15858
26037
11372
2251
76244
2589
87329
94568
69806
11728
55600
23241
77128
98115
76919
20921
84846
79775
57059
79631
38055
97367
19680
61606
56713
5819
24784
22075
87502
8546
84872
45304
50386
266
24209
525
55740
13007
53822
90427
17207
55781
50600
10671
32812
40361
49471
82793
10322
85702
88681
55792
22901
35002
26055
88383
58184
36909
80506
65408
13038
99789
87095
50063
78739
56038
3088
84698
29182
43665
64468
33444
2306
40581
91396
41474
98323
82086
49978
65494
53061
36133
12291
11523
36303
68805
42083
99865
19490
52764
20070
94023
59184
72713
73942
78984
42495
81007
92955
50735
14658
91289
91543
62115
16648
69678
11589
49004
38055
7815
85175
11902
1745
12589
48554
39895
11659
41696
30575
2520
40694
16411
36549
38891
52650
45859
61566
96038
57780
62399
48852
79368
93823
76150
15654
47945
37072
56387
44780
89258
22015
29588
9633
74213
75125
58426
24982
1688
102
32312
36769
21625
82500
93777
48046
42934
72046
72570
16224
60804
97228
68263
26792
2047
71288
14580
80070
93954
97473
4364
41607
11832
53293
4911
45382
20689
24379
70453
84658
62540
34915
23408
75444
73339
72195
98062
58334
49898
99364
56987
48924
15074
34651
72861
16127
75758
52480
22779
27296
68529
39969
77037
12394
30561
38508
17272
49140
19904
52883
65004
85903
80154
6886
4920
49736
86367
32809
85928
62963
42343
17808
95530
31077
85526
56584
67730
79740
19512
24936
93857
73340
65278
3514
87006
75158
54905
7965
39828
3929
23090
27923
41314
4895
80894
73467
91472
51442
26044
80051
14829
93685
59863
8783
7539
54400
28316
23043
65572
11409
32746
1112
19650
26385
33459
72798
71699
72684
34500
49201
23820
23096
10492
85479
21969
77940
59494
89735
85398
17370
57135
64193
89988
70522
28597
84349
53572
36168
60174
46467
89817
98376
29313
10734
23616
91861
96582
86326
88985
97591
50976
30684
59303
24777
35836
53901
88042
33187
32929
73157
32483
5011
46878
93211
96852
54328
97923
18834
18508
36116
36634
44239
83974
41506
12941
30293
51960
73212
92879
4779
50358
62105
98590
38906
33625
72702
23928
30225
66951
78113
68712
41472
71920
99898
66317
875
1466
82645
61482
51146
68842
37809
51982
47194
66213
15894
68285
75565
59754
59070
3968
89877
87557
75822
63432
78669
40508
71346
39412
91477
66327
95563
75607
81751
27657
53165
74924
96105
93287
3436
98872
64492
53042
68627
21563
81718
6356
2528
33882
31291
9216
54832
2765
16538
16303
41228
75361
51542
19471
54380
46488
4676
71456
780
33549
33016
10076
91233
84801
84209
49803
73003
39498
23312
35658
24655
77536
32176
21131
73874
98966
6040
73839
65402
81324
98175
60457
8510
25903
21868
37596
65297
4564
12298
40034
69181
12950
10914
91650
77422
24263
26361
57103
95235
95783
60681
23194
18093
57866
76941
5312
72261
22607
72927
41199
33222
33146
80499
73275
37255
15831
58327
88164
55679
63137
16414
71382
82047
79282
21598
95546
34825
56668
65321
98319
89835
94183
74214
39812
29571
19628
56044
56789
33932
52375
24651
86411
510
12812
99747
5606
77002
60459
92614
80317
13472
59997
22193
86434
37334
65314
79829
85173
21112
20347
35446
38456
42323
51223
85926
43504
47775
59030
50258
72726
41109
49241
14389
17292
7656
68788
95964
22509
68165
62428
51072
83434
81942
26915
9681
71329
13615
1673
27158
26227
88945
64224
25494
50147
66909
71692
34941
65135
13974
58355
37889
42261
44063
76768
35355
65831
34949
10480
41998
15487
13111
12652
76476
75997
24724
63446
37957
29160
58688
42020
83908
36209
25267
1928
3977
564
51155
29661
82851
28387
89075
47879
16914
34655
62515
47868
24038
51365
45251
37627
76249
38807
78483
50498
90161
62652
41121
80382
26261
33153
47416
30437
9480
98179
97960
28991
83815
65792
53946
96032
78882
79102
87745
46020
80479
81353
81380
84534
50807
79191
45655
6534
26779
41426
81148
804
66051
28373
16629
86980
32306
63662
50759
79547
82981
83720
46143
64178
22590
92868
20452
24548
24226
92902
26815
92720
65998
83070
77161
70344
74624
81321
60955
53423
77014
23012
81044
32321
69369
17342
10226
7397
31888
73542
11853
28659
48711
77968
77845
83477
75587
51455
99109
46515
20539
21794
313
31488
22406
32536
49537
69871
20344
35716
4365
73337
9315
85572
65921
6475
34208
57186
76892
94820
44377
83425
92852
7421
25440
2980
60021
91702
24860
11464
42979
23985
44552
16436
90502
11646
53620
48775
32303
13901
30997
49408
17003
50921
65799
9162
75151
34055
5790
45764
16017
47834
10823
70169
58383
11690
94027
54039
42886
43697
80211
45504
7902
25119
4239
36068
51217
52699
26225
56609
76907
75903
23517
44427
9843
98081
87031
47569
34550
33105
70269
10267
14620
35376
4455
98679
64975
17495
40557
34294
73994
46221
99252
16844
99829
31070
61542
50214
95032
39782
29039
61620
23582
79091
38589
61557
47476
59595
30132
37190
57248
24310
49230
77559
81228
91304
58575
30802
97982
31583
86101
77986
73587
20282
90241
48752
70226
78511
34032
49776
4019
19065
48204
32501
96395
54302
7423
75145
45207
20388
16082
23283
93379
87138
95209
41179
50206
74500
99902
69359
68383
23099
47631
61154
24031
55029
17914
11928
44595
84996
52270
1205
11738
75533
7623
43648
72397
31086
66559
77038
99706
83374
53804
2027
32345
2184
27562
53068
74170
1220
34512
52278
65336
86626
36861
46999
9673
49050
35135
6803
77318
96486
44791
85716
38816
21591
84503
98191
88183
90460
97851
22888
27763
24595
20410
17769
56522
81220
4572
63261
299
56440
44455
92732
84709
86360
28083
59170
54672
67579
14933
53061
88305
77266
5743
5929
80625
68048
28056
38214
85331
50887
54315
71926
16877
67649
93893
84350
93601
96926
87209
68203
23877
50490
10016
47649
86392
61213
47826
76225
76046
73631
57057
95764
77287
27257
63204
64074
45943
8536
45061
46296
25848
5059
40735
99975
35246
35395
39354
15524
9524
97721
52597
9656
98773
68174
26550
67438
27597
57141
76567
80975
61656
88509
21866
86099
3807
52580
30136
34584
61191
70217
45525
96397
24780
753
47927
84195
10531
72258
88122
79466
64834
11400
72198
57884
792
1000
76539
49736
589
20388
56167
63611
96004
15389
919
73499
36618
71771
96475
56938
74349
29230
57818
47382
77150
85985
22655
44977
62397
16859
67790
11060
33342
71712
39688
56277
61478
82761
20571
12206
70749
69271
82408
84931
64883
14011
52728
75005
55276
18306
74271
47245
75753
43733
55224
37201
64251
9098
64249
10876
98593
58712
76455
34799
73365
55453
17463
61137
52130
35182
65274
18047
8200
40358
59782
79868
32190
14093
48239
45127
29409
89640
75713
32695
56392
38207
73687
52293
5574
72291
67729
56782
91766
34389
59182
72423
23434
61228
14147
85955
65258
41278
4086
23158
79333
48398
84845
53731
44297
33768
46275
6857
82374
41239
3772
64298
4832
5352
19242
65057
25294
91367
34076
8594
71129
67308
88229
23342
12752
17848
48120
35616
11038
15285
45857
73419
47987
71952
7922
88751
95694
55877
51745
10147
51693
89325
51373
79459
60341
45767
26209
70892
77875
41542
37882
37242
92242
36125
10282
78499
9611
99162
90743
20755
30313
27265
27146
37087
58252
14953
85553
75934
57419
25371
6420
51528
12152
61200
77977
67195
85920
52178
69849
25898
15195
90356
86487
70501
48608
24571
46147
47443
33237
44198
30814
40303
14353
59503
66268
25154
40418
42660
70839
32889
69379
42393
35529
21196
30894
2989
16421
7515
86694
17979
67614
29824
72353
24872
12142
67193
10081
72943
70929
89277
54912
70256
34823
28091
92463
68876
71472
33327
38986
47447
24108
98259
44139
73860
13428
73426
36478
70185
70656
89113
2114
76833
80943
53132
70642
17312
58294
71373
16565
13634
84498
59435
73390
29126
63644
70261
45465
56679
44783
61101
20764
35086
58877
47336
58949
1161
49882
48781
46894
5158
70694
76871
76118
93545
35215
22789
28343
87581
55821
80189
60695
70515
84174
762
44369
80612
36325
46291
5741
55276
88668
63336
72429
54340
8116
38209
86205
83752
95422
8789
30665
81405
15840
19841
76759
34694
26778
68283
13027
85520
98618
2602
25814
88417
32923
7378
81650
36145
47725
56925
4888
73524
30097
92394
75565
84863
87998
62999
85188
23636
78178
84600
21262
72570
88626
44268
9889
28366
69863
34600
12549
26587
30888
96567
37282
7349
89340
59802
52792
79252
24974
48756
45744
83365
66146
10609
46814
19730
33243
29626
7887
56622
84139
73302
48515
15169
8318
40996
4042
3634
84495
33706
98858
6822
22895
45763
33855
12912
6170
35472
30359
34389
21688
23089
35521
27365
97409
15057
6815
65839
67788
89104
3930
44468
9318
13020
72028
44788
52524
35305
89366
19148
48638
22542
61791
19939
58423
1310
98489
93594
44548
87916
40275
96533
26680
73663
54173
80908
96432
51354
35984
79363
44430
66403
53073
20747
41877
43505
47686
12491
45336
51137
12545
33649
88720
84317
57443
94130
59404
27819
25302
41678
67638
1316
79253
87405
75191
799
62133
35318
15276
58880
75177
29952
46756
61194
80707
35007
51360
32004
69207
1669
75732
71226
29684
79060
99182
60655
66939
4047
35724
73985
94655
4505
98684
51552
37587
83318
96353
8335
75887
46524
87651
7653
24062
62175
35703
41294
92675
15421
10506
8988
67128
62930
44704
29450
2576
24206
400
49215
69785
40329
72195
63608
8731
81949
61079
56111
96241
7486
65803
3942
23359
55950
61924
42270
70899
74810
44916
92504
28313
2782
72866
69152
34142
95498
4809
23430
81182
16762
87820
52173
11537
67765
92018
32901
48728
76861
55877
92660
61901
31784
43205
25689
69746
90423
50439
52712
84803
46093
7267
85502
32805
2989
96464
60539
32227
38411
41929
94565
40807
67132
68140
52331
77791
14056
27831
90825
92538
64773
83503
93001
16768
2520
39270
42019
80106
83013
9707
79183
12463
52469
43646
39569
36891
89133
47625
9367
39594
94746
49445
33533
81146
94466
51500
67071
73352
36355
12313
60926
2729
38304
5517
5685
81965
7856
70309
48384
41535
8089
1696
43807
88658
44150
58568
11621
53280
43817
61716
59937
76815
14329
4194
85846
66529
68527
79426
89480
56421
56213
11576
46210
26346
13870
34485
9668
93067
85750
64004
61643
13842
80375
72507
27233
24250
92459
60222
60339
7373
51079
51436
15028
88866
22958
40066
61126
30666
24567
57445
72112
80589
21006
37675
67255
40628
34838
79992
23577
40564
3101
93163
16350
48066
38632
47365
9917
24082
15706
49517
22128
84698
79847
28977
86155
41567
96633
69445
15468
17365
98394
39575
22270
64859
95952
98268
42487
7963
36983
82327
74285
98087
64572
58075
40095
82184
44663
21273
74404
66262
79470
20080
86523
99165
79173
2699
11701
36110
84905
2312
24060
15303
10097
77037
64267
9324
9543
31032
19956
79366
88650
77963
25869
2091
87375
48155
71169
72059
18243
90311
91418
49164
72789
40736
34723
40209
2827
52452
71448
64928
63144
91455
94280
28791
5808
5354
88860
38874
78288
77853
13457
93697
74519
6624
19192
19312
59655
79148
82253
59143
9105
13819
83032
29402
34420
38079
50620
19027
32194
38978
15049
20887
23063
83573
63819
64324
34620
25257
94016
19501
47026
8536
76661
11949
34952
4494
44905
16966
27020
17876
54680
59941
96598
95496
7487
57500
33270
58902
21909
12815
17653
67614
67780
50424
56940
36955
90607
4416
48335
5877
1984
48734
22034
6042
22031
36392
59812
46829
27072
55954
73521
9516
23502
8315
61612
41454
31945
61071
20625
32720
75873
88980
40002
75203
71978
81737
88348
45050
79051
37674
95939
43923
78555
59097
19718
76897
72538
64786
73070
36290
78047
13763
19915
95015
73141
52159
59225
66771
2547
47430
9598
92428
53938
86914
44288
68697
3129
50843
61377
48316
73733
84411
78719
34272
66461
71353
18940
98766
49887
64671
74505
13722
66579
68199
40744
39296
55139
32483
17526
723
78065
53703
69425
41114
34381
66265
4534
76102
29501
48776
52021
57219
48994
5442
40560
58729
45315
44688
80259
68869
57728
85338
58715
6384
89777
8201
33882
38750
16060
14247
61512
91830
96064
18998
68713
66162
7299
28861
47410
38246
38563
17949
48907
33929
79442
57748
78429
24013
46126
92762
95754
38250
74415
76395
15554
31235
98737
94621
89793
79939
47497
75278
95756
98094
18755
50144
44402
37322
32930
91035
95919
7664
47412
23576
83163
12115
71140
17212
15009
66616
14080
7569
38366
36020
54230
6189
10506
89594
65857
75053
8034
96705
37959
22565
82168
14878
46580
87759
49253
89893
3546
94391
20727
7008
6936
79914
11530
75454
22407
64327
88916
96020
50252
86999
95749
87702
38157
62475
92563
41191
5821
94693
13456
8079
68614
15347
33475
14951
84512
14580
71134
54063
50882
64362
62822
40663
36061
67634
53844
36392
42698
47836
96173
77817
44637
56717
27965
80090
62247
1627
22469
29166
35648
26046
35757
3285
59599
66889
15267
23536
56968
50645
44305
28911
46256
98955
99013
28050
90183
32989
92007
87120
17172
49170
14072
6513
69402
98365
34055
28466
21622
7075
52832
76203
53198
45973
23934
45355
62795
50414
17688
81198
32403
31176
45982
45621
19268
89185
19211
81893
59675
37675
98984
72525
53696
87004
46729
69526
90416
31643
42455
1192
72508
82789
77284
91152
43882
77652
48447
32719
43003
64632
41327
3900
72154
55212
84908
83608
80070
94055
33071
2940
37800
14814
31914
2748
48581
46938
31269
84772
3792
40529
10270
3188
41204
4678
96299
22468
76252
20324
65228
82027
2969
9048
95811
71341
80710
81745
72581
2819
27593
90274
37098
35740
7831
91742
39136
85127
61705
53927
52237
83379
25922
7311
84234
22435
17176
71844
62922
97783
79717
19622
78275
17621
23769
83655
99124
58537
26318
34419
40411
77648
58748
82154
11125
13921
75225
40648
47431
68759
96891
91559
65337
25543
70684
9870
70524
13631
17864
40074
82987
34622
84172
60874
39750
79637
97735
52330
485
71346
49543
13300
50404
47007
98796
26698
77865
79992
67697
33844
47085
48901
5154
4521
83311
12817
93637
5043
41917
7035
75439
79546
81766
12932
17419
40830
24310
81806
17182
87564
28301
3496
33891
44781
49159
82122
35294
59302
89217
56832
42534
67325
84131
35310
28420
7486
3739
47021
74692
64368
13355
30130
81795
1294
3372
5263
15797
51495
38323
47449
63936
81501
77774
19291
99615
46808
31482
51772
86705
29407
26959
55872
75279
35038
1714
37341
20019
66306
1611
93837
27322
66343
84427
27504
93322
10495
84848
44412
38687
4553
32897
16903
19437
13963
58796
95656
32619
83551
9495
34819
61093
77230
54544
1749
44779
87541
10370
18227
76094
74762
1630
25218
59741
19331
96344
44856
69569
52865
41268
48726
25799
89642
60053
14016
26960
46362
94368
65490
28291
62352
40048
54542
9045
6951
45443
1903
7879
49614
47868
76985
97697
63192
77465
72126
89569
30104
44959
24715
58194
85259
74235
60515
55724
16258
8349
57121
96143
2145
33218
33865
54343
93167
30667
8940
82780
27933
89563
73094
35252
38368
78829
48188
36834
40492
17256
34330
96991
46510
59591
39308
38163
4172
40068
77348
47263
59952
97757
12979
62
19226
96863
82045
79882
52447
46862
98510
89463
51975
97947
12856
77309
78118
8263
94162
84083
57125
40418
552
28798
40137
8319
72967
11846
49755
19658
61229
75507
81281
24404
62606
49849
26771
29986
93028
99148
98654
30567
12148
10288
23366
77282
14395
10382
75320
50976
74597
83189
39340
34615
74368
19176
60479
1266
93008
66233
89453
7578
40671
68514
38177
29365
7450
40096
72233
98754
91890
7997
65252
9078
99673
5515
53684
10958
15558
42553
3758
85306
24682
17237
3957
90111
13050
47900
15631
25989
32307
69556
79774
54160
63687
5260
17175
3834
940
80076
32306
65481
31986
12885
56642
90770
37679
55676
51553
61233
12967
72790
25439
89705
83696
53986
22618
67771
80439
77452
75786
21307
95567
50523
5077
26831
32800
42886
98477
7474
82554
47052
22821
35580
71611
92585
10706
62179
57669
91368
97594
80559
37203
9729
10872
66263
42981
57543
1830
40096
28838
3191
14120
34542
55548
64257
72752
73111
53164
85643
15526
23162
23768
17140
22132
48267
7383
92411
72545
12315
80997
72697
22586
79239
57930
32916
54622
4015
46997
48350
50300
28084
19291
55506
62248
14573
59506
38237
58453
29828
38342
7498
21480
57493
65682
37397
15176
83006
11565
9012
37440
4407
53905
3385
46912
50929
71804
48882
52414
20948
89404
32109
26833
48937
81743
31090
46509
15275
36468
69731
32071
58337
64406
89471
74518
85533
30682
64579
75378
63643
39593
32012
18492
39663
11124
61924
44952
43607
95975
16647
51785
45776
70478
71797
10758
46130
78373
84458
19716
69980
28189
65398
60736
88137
8673
24107
70494
73929
98818
23398
83309
16095
14578
14029
32172
44129
93478
89125
49024
53173
6548
65459
12978
162
54788
71674
39423
43800
17678
2514
33299
30238
72257
29780
65578
10835
88052
23821
67476
96956
12147
15365
67112
83297
57672
35394
57245
71904
4907
68376
64795
57289
9605
60205
40764
36801
36282
36985
8656
83497
96079
36750
91416
21695
19737
36396
82483
20334
52454
55934
81955
60494
52047
9290
17501
85438
46708
45934
14222
28836
85692
24464
10140
1429
81514
7761
18256
75325
17110
23916
89000
71772
6359
94128
75047
2079
4978
47724
87482
68157
7397
22019
41745
16338
9268
22811
2787
56593
7237
41885
66874
42151
25080
4240
59845
98201
77028
97545
33393
96694
20826
27416
15768
47959
6240
85608
80654
90234
76912
28653
77440
86725
40363
74815
21418
22259
40449
85592
80218
69685
18342
3788
68617
23599
3595
62365
32864
27572
71455
58638
83059
94964
78879
32318
10976
27582
32046
22506
80120
5511
66410
46656
88409
16907
49387
28132
96589
41086
25622
26135
45173
10
77819
20812
82277
279
23448
77591
12384
42122
8441
88954
21178
1017
29753
42761
824
12024
10330
67854
46565
53868
6899
41079
58418
41353
91488
58249
94231
36852
30875
69844
79285
34063
55176
78682
69070
57672
57754
76745
84102
43619
79216
38803
84456
41951
99653
83174
78532
794
74167
97785
1452
64760
12761
79157
65767
57307
65943
44389
61836
74746
66803
49833
6838
46476
30955
42279
88773
20784
74386
10977
45129
29409
85706
1705
72950
91530
74094
69291
76207
83536
17821
23139
76250
20810
86636
43307
11735
33468
84799
27636
56953
64215
41223
34624
41844
87047
96915
53159
31306
60990
51659
55805
28502
34479
45994
75705
94814
72393
26702
50747
92938
21137
29147
64567
57561
78734
24953
67337
76198
92860
26912
46763
31219
5858
59000
11646
67740
41538
56013
62182
83839
30097
60408
98625
63104
81158
56681
42785
33272
649
84998
56293
21049
68781
11652
52635
49427
56060
33671
79583
44610
77132
969
89888
21291
48885
64825
25450
5148
7777
48038
74441
42789
4037
59626
87861
62666
37970
89324
78366
48191
66119
7301
2334
77270
12426
22126
59691
78656
60425
12247
94944
72683
15132
8130
76958
85589
71479
95280
79976
63575
45527
94162
40173
12654
83347
85455
69586
34097
83519
41190
59764
13357
19743
45325
41936
45547
74188
81846
51521
92974
84666
42584
38215
92865
35084
13639
79796
10089
49985
25160
35977
45942
12088
72370
36241
33645
14128
88950
99235
30982
44301
57898
37338
39673
21003
28746
74510
11300
31162
22041
11188
42647
30992
46220
40656
98941
27121
66766
37766
70816
88849
85251
72497
34455
14731
11802
80109
98758
36246
18505
27329
23792
61907
59066
93742
20562
30330
256
22948
58620
521
59891
33981
25353
973
24756
83946
10272
5957
64923
84036
30167
36748
71763
43505
91478
70582
50587
58733
37480
97663
40191
84647
66575
58489
38468
79327
1126
23686
59117
57958
7597
27196
73564
2792
17132
3728
17220
1283
35892
80857
9163
43109
38618
28270
94607
33794
30868
21165
55624
52135
99806
15119
24471
68338
31657
45102
53715
84354
93865
52147
68661
52005
14611
13484
21272
12873
17897
40799
51531
36748
72142
90531
49941
28099
21580
36126
1240
63958
4331
5725
41086
98836
82524
38801
11284
38373
24744
66139
52621
87359
18136
61487
69692
7426
64034
13407
43273
14849
15621
71401
88559
18326
48880
83159
86412
6650
93368
86736
1527
40714
82571
75700
21905
29015
55835
55081
76720
52768
70639
84020
75600
91624
13146
18922
60447
73709
47259
93352
13110
4496
8143
56973
87247
83979
82261
72209
96454
17908
23714
72878
84265
21091
156
67984
19887
39534
70053
63677
53702
64421
92832
16077
46071
48673
23369
99872
6796
55034
33138
19630
93542
95563
54514
83484
97533
59209
54350
39984
79785
33790
39660
5358
42969
35437
59980
19352
40046
1472
38289
30722
19059
29796
85452
46900
63850
7707
54887
19697
19014
53065
36609
25797
76915
25872
30035
871
25650
52436
58876
14361
58744
95659
6938
61740
58118
56901
25763
1832
23894
31255
34447
7983
18511
41378
43878
92879
5660
92495
95905
25458
7473
78265
56999
6899
11107
84304
67378
78063
89397
61454
25117
31091
65228
81807
84563
11921
88664
61915
36333
88378
24265
21257
18493
60597
85000
63716
74223
69167
9520
61145
56877
19172
69698
69504
87555
31298
56002
95391
58344
39912
18814
27252
21419
71890
63553
26000
31961
65129
82158
18443
70130
26008
94922
47482
28353
87922
19281
50198
88439
92755
77116
9446
61333
92391
29384
82192
5529
14638
25523
460
82143
27978
777
69353
47696
47653
5544
31626
29741
31574
56328
43506
31469
74468
26041
34098
9943
17684
52998
66016
37864
79699
57429
70555
42830
54458
44607
87316
63050
76186
11510
9863
94303
7998
4189
68517
45401
33128
48526
45143
12566
92048
99274
50633
38353
81919
81007
84183
38179
50188
47053
56657
97165
13685
64451
55630
8700
96430
32776
85078
28980
19472
17506
73485
77329
90342
11256
22699
9959
60179
70307
3404
42623
84802
92406
26159
5071
10059
92552
91679
78736
81052
34633
41698
59770
57434
11364
42143
31660
24332
10852
69889
96350
57488
25687
14085
92422
5409
29391
47776
69358
86851
28373
64640
6062
11222
87230
76325
91139
96287
73694
46509
13817
47045
64329
97187
10654
13708
92287
3120
59517
90247
92775
82993
2945
86537
19786
659
65987
21589
47001
38027
40858
690
10438
24166
28306
56179
31833
97999
80236
57014
74548
4813
57378
12623
74415
12008
72792
26552
42661
32756
66222
54911
26472
43406
79654
31580
22036
60282
77206
15541
10349
33571
29518
33081
99613
40717
82751
94573
99899
95852
38967
9340
2607
79309
1747
55220
40269
30242
66166
45611
22857
15574
67095
12941
88096
15192
87608
61994
18711
94750
45183
47216
87779
77129
15693
23914
33559
47511
83116
47769
58568
39247
56929
87794
78051
59550
72832
15580
79918
94451
94371
68510
53460
13690
18456
95642
64528
90864
31781
94902
88822
57451
1063
76329
35872
48160
73496
94669
51298
46968
9641
74920
74039
36016
63979
30721
3819
22743
94985
46854
35325
88437
27687
95002
729
13719
65334
1213
44421
11130
90357
41954
10530
61990
24506
32267
26027
10683
26919
71838
9656
41478
86735
41135
58619
86381
42299
18710
92452
90561
77928
17866
17456
80948
27211
86141
51580
26997
73572
78231
73165
87290
93561
68044
92472
37553
78623
14589
59487
5867
26046
70051
76500
99118
88832
69234
90745
91589
80442
25711
58995
73884
97261
88178
32306
1434
92431
83916
49586
98138
36979
85182
2892
62578
7428
58244
23220
42997
6640
6506
94085
42206
71806
1208
90994
77162
8572
95311
14266
88787
43910
57398
59810
28337
37451
99507
8525
73296
22889
60254
96169
7344
41925
92424
68613
35723
40062
69725
94353
49412
78346
35054
8141
92645
85146
40699
89778
20976
23615
5257
75490
70168
1197
64406
32669
35586
14932
3721
65585
27867
3298
53450
74988
81062
20449
81941
21533
74765
17608
5375
3850
84014
84782
79467
16520
40595
3027
19621
48869
20704
57952
26414
99049
14877
93318
80634
9695
65840
77170
93717
59175
32848
40569
6996
17149
31587
60810
92112
53300
20036
31424
45441
8731
4689
60973
12754
56434
70725
91877
3668
94092
27249
98816
51488
90661
64763
18356
49901
28998
47005
17037
81728
18460
33657
99936
84982
65291
53722
44392
98127
12652
47844
79304
92617
58023
84566
78650
21056
54973
8643
60889
30616
11131
79959
72867
1494
3068
53313
48654
26374
59574
12431
14482
83136
74050
68787
79525
52058
27165
20397
88733
61751
50807
25916
18346
59054
74980
16358
15696
13144
52918
64915
8900
47952
78052
93619
15804
74895
4510
78441
49520
63330
11434
28343
82627
20760
86065
71118
59675
65191
52451
38359
54738
3254
48399
18685
44467
29008
43974
99790
25162
34662
94178
95369
68482
49547
81333
3217
12119
46619
72549
1504
71022
27006
56385
53788
707
34636
79031
45859
4164
83903
12549
45887
62630
4868
30713
8687
13136
66006
22286
89232
29696
26439
38905
11819
72738
7248
67845
59773
93061
77638
52612
41471
87387
85312
1426
2004
78434
77066
76853
34442
82290
76195
6201
8397
18165
52501
18383
390
97624
6518
56578
32658
85970
55351
90936
84740
5860
82384
45153
81315
26477
36588
41880
33143
85131
21612
94541
36916
7166
48373
17668
3731
48070
45587
62885
39983
36717
55053
12470
96683
12812
73817
48598
62573
55402
7954
94986
12433
76370
40449
15123
68406
18792
72388
37894
42711
77067
72080
69623
44088
39908
55751
20076
96847
62028
2524
74639
25460
28935
53303
4141
92993
14356
2667
39061
2604
42262
78412
29053
1273
87598
21358
69340
63959
68415
96291
77295
20399
24600
55513
2066
74636
49861
50646
91428
95815
70109
19075
41753
30516
32963
6401
83510
17112
1227
46393
65105
34321
245
57016
88307
28547
41730
53315
17842
48017
82583
1449
85356
64363
48077
70188
14351
1420
53008
27058
49664
72805
52136
79302
63403
88018
32576
81401
5674
64926
44907
83902
11568
9279
19907
39955
50701
54192
30217
68331
4002
44225
7833
8020
66968
19060
34552
74928
65338
99507
20130
36205
689
77531
432
23794
12158
7642
73196
6914
85506
65738
92402
95607
71064
45652
84571
99250
25829
39468
19918
50491
4031
72136
48233
43154
48842
71401
71438
61548
94778
98472
17628
72973
53650
86275
81466
16828
77783
88623
25980
16346
71348
59604
52438
25826
76139
56606
93612
38708
4618
87581
74314
85875
61329
32940
48549
8703
71431
21812
12785
46738
70660
48093
13447
67854
16082
76222
3321
18561
14026
42331
11975
20025
50091
15130
12422
41038
64580
11948
78566
34405
97486
93851
46090
10004
18929
21907
89533
10773
96847
88284
36234
84883
56561
58519
22654
2626
50541
63570
93327
73419
69295
12171
39946
17682
32315
79023
23315
76358
34140
78358
61181
70730
55644
7423
27379
86800
95993
23788
1346
79975
74471
5629
57277
22259
72934
66822
87669
12744
48336
5583
33835
18098
19083
24131
62559
91861
1952
11687
97431
37647
89751
2127
76694
71386
75776
8575
93322
4620
41181
83323
54782
39504
57296
13449
74021
6967
44269
2645
73300
43731
81005
93077
48439
5150
7236
69316
51546
17306
74414
77175
79664
22554
99183
78134
83247
77263
79590
17231
19219
6813
11107
95071
34653
32582
49478
66723
76656
66260
68766
21297
34206
24044
42592
52654
39945
61473
74637
44371
70394
13000
6745
77898
728
93676
98376
17223
6734
43712
22887
45724
88766
66960
3225
52012
17201
42867
97650
12312
99566
95966
34447
70942
93119
8880
57425
99363
31408
19668
17392
74410
11037
36354
83916
44747
47781
55577
78
21934
77699
94279
78329
59001
21950
68816
38861
16618
83388
18289
41915
59612
88642
77588
91231
74340
36118
93457
39561
92430
23909
32593
61777
48087
32290
51721
69685
44170
53584
60135
71874
85808
56464
2848
23549
35249
63524
48466
10387
47280
89302
38298
57091
2174
73497
87204
33332
18297
8205
39850
27351
11836
63487
11107
17943
41195
71756
53502
93809
87550
74774
16559
40734
78791
46914
95354
94269
77700
19213
57839
32278
51842
45598
3863
36260
36746
23898
1549
78969
76040
84793
21539
18953
13762
64400
75698
43472
22043
10987
31459
14930
30501
20305
12823
98252
93268
5647
96874
17377
22151
40762
53289
5370
15426
48335
94785
39912
35154
73229
43234
40612
14900
55423
30200
15546
44696
79375
96090
12652
47976
43702
66281
11567
47505
63365
55264
34999
3131
99330
30895
68577
55215
10018
92060
90231
82323
43196
1065
11749
84028
72253
47484
38632
74766
72538
51506
32906
85723
26174
44722
52555
89751
70288
40395
73123
96453
76491
43941
37734
48290
84391
80081
23484
39156
69245
51196
88499
23033
70673
56806
38339
39546
52953
78890
67656
91402
23342
78836
69373
55478
85507
86921
52227
60542
57529
92507
5511
85492
47559
17456
2266
91758
99709
96561
8934
39206
28737
46085
87260
31034
12446
88599
48482
30899
44416
23597
60235
6618
44994
44683
28701
65013
30910
49704
14336
13241
2900
87391
98995
40657
24198
82238
71338
2186
14228
25047
34272
79201
93707
44489
97914
77741
37448
12527
18590
97896
60957
53240
38452
96365
71131
52148
99299
60897
5617
35552
23406
64112
21023
18542
48444
89276
33843
73461
15121
60292
90186
88963
22841
86205
68469
53248
68934
75450
22150
23933
42131
52937
80119
26484
73693
23479
73028
24124
1828
79793
17934
6555
26507
73879
26434
23466
62781
6325
10489
65209
98911
4189
90404
48932
12593
82173
93383
16559
95749
60655
67919
11439
45522
68882
57703
2754
99148
70556
72547
30836
68856
53443
45762
13514
76625
3866
76349
7474
24230
63095
21419
47493
52983
20375
85096
78222
54285
18936
69952
59976
26229
80123
46525
96340
41132
61716
16572
66617
68302
24419
9266
43329
52414
79049
97457
52382
88485
80874
55809
55782
98920
90107
49341
28158
94450
38386
81009
56623
30101
3270
59125
56847
55063
91691
91408
39298
37602
26053
50760
77822
39201
24616
79400
40963
28404
97003
70972
35659
21835
12756
63274
67592
51218
42332
25794
15134
53883
22417
9631
83888
58996
13984
51667
70046
21976
51743
90134
94152
65527
51974
733
53735
56014
3968
28902
85292
4571
74462
80208
99388
36752
96653
27723
38029
42020
65197
82144
96615
73052
74884
40356
11611
44196
6478
38674
37875
1455
55232
25228
80328
9163
46007
57446
82654
80704
30960
96629
45339
74000
98885
52674
11620
89879
31824
20977
64686
9031
76355
3145
90703
37016
28667
1409
54232
47862
28031
92007
8302
20674
51499
40540
26709
77849
46912
40154
53423
97662
90267
82107
51435
58709
20869
23935
70406
67472
25160
68935
26361
55349
21293
19834
92997
26013
24356
87892
10222
43121
12713
31374
22600
6734
96568
66851
9768
45598
16043
84323
29412
68447
94698
14672
3057
50077
87841
38596
73680
94604
33882
31058
72929
93085
36455
94128
42335
50398
24869
66731
21951
20226
30084
52642
6867
10813
35141
75634
11843
19569
14263
84165
52277
46010
21798
25477
78273
28492
37910
45435
83893
92033
43969
65301
52185
49198
56612
58824
35777
45822
44639
66134
21399
43120
36
2362
23836
37272
54292
51609
62820
38867
15602
93972
98330
28152
41416
15641
8054
39401
6308
4318
59320
973
34478
1730
93910
96806
81076
54975
10446
35366
35297
40203
90196
11429
20979
67434
86466
38813
18160
71719
1945
75254
56166
19288
34707
43505
57076
56847
95254
24230
35050
8996
82723
15101
12798
9835
22653
2616
11103
92045
1573
16697
15496
1981
92027
99835
69404
84030
53564
27456
60865
75944
58272
42476
44135
80358
9447
76763
54400
61117
4079
59011
79076
8189
83654
93933
11452
4099
62947
97234
57015
67615
16077
29668
54625
34252
95018
46328
83210
48185
76330
75912
98251
93228
91669
29218
56320
54548
17014
18156
82462
80427
85987
34406
77800
83007
77225
45610
71925
65007
35411
88531
40860
7271
68885
8491
14130
68781
79971
25687
16410
59115
26918
72607
60020
37509
12020
54165
33633
53213
75994
46973
44802
80717
51725
19085
25749
71344
90888
15421
22640
49613
85733
57469
82261
4465
61738
65669
18392
16353
22484
4441
45002
15510
88793
21018
78531
56250
37263
47294
49637
99280
79627
14971
88153
56615
1525
26674
43822
72960
40276
32845
33095
55368
99310
50905
68945
15778
49092
36143
94072
30028
28318
70185
38990
17601
18238
22653
11450
76029
40474
61533
4969
68835
96344
79915
71262
66636
90583
39102
49635
39359
20017
88678
16073
46554
78341
92047
18714
69638
8671
91041
3794
16590
40037
42385
74708
73504
43316
23036
18478
73677
33188
88920
27445
93002
18784
60759
47521
25183
28329
49608
31105
57838
57084
19389
98158
36589
66754
74426
4361
43917
85630
46841
94395
45996
56459
68395
64595
84379
82662
65696
50173
57956
80813
93639
3261
85992
24998
56423
14200
4161
61703
48664
78682
6845
25200
86340
94867
57283
59310
76127
45677
67857
19652
46752
6884
46842
55563
41411
313
60825
36953
79586
63897
76773
357
22605
398
25184
88125
86215
48538
99650
19155
89128
34290
43346
2669
35262
78444
19177
98992
30581
23967
68514
91727
48386
98381
59394
24977
76678
78115
69401
81089
17552
38390
48423
14609
24672
20513
854
22599
7329
2180
10786
73876
10394
36755
10185
48192
88443
20680
99284
82910
55436
14967
3715
56471
21459
74447
52905
20276
9623
34920
42974
37296
87802
55892
15759
4710
55634
83463
85335
54500
51376
90727
32423
43410
39167
59584
15896
22732
30639
95800
30765
5192
89295
71230
90843
80661
3100
11652
22219
46952
27905
80140
88606
97647
74238
42461
51340
92222
80991
37715
96160
55378
2776
30764
11287
35449
89674
42624
7554
18500
65522
44900
95672
86654
97408
82456
95159
29473
47097
12292
40421
43225
49734
65163
94466
57062
25455
78447
36817
92634
91472
68175
13858
70647
58357
61139
91568
440
13532
18691
64757
42231
38903
22184
57443
49697
60880
85315
27451
10245
11621
27578
36844
10890
73933
8146
72120
55302
56946
64551
1555
38804
38045
16404
58530
27559
28812
95619
32269
86906
46454
71888
2753
46037
32479
70151
45159
44791
97002
91648
76865
74818
22189
72562
44608
36127
65406
45610
35670
5087
21964
22832
65063
75833
30999
60451
69749
37740
45717
38060
81380
60528
23305
50469
18430
88194
16108
22651
77571
73486
63104
14837
1747
68514
51373
98659
76128
44858
34074
25843
27132
15724
71261
39813
60390
85436
34162
58369
96558
76691
34748
53324
70509
15075
36079
14005
58926
14538
51903
88218
41468
22556
31969
87617
82645
48587
25043
20067
14229
85919
62710
56089
70419
29829
5815
93226
88293
60016
47535
86551
1664
84809
97071
98069
77200
36227
8927
21603
46579
31994
10769
26040
45060
8168
32061
67172
55041
24946
91453
84329
20377
73105
68667
88921
90667
90764
31924
61300
38888
79269
60728
30905
89208
96690
16495
99044
7715
92454
56534
78787
13034
67474
2934
72644
12210
95962
26716
45160
6865
59483
95108
37204
85458
30683
11903
51525
91761
87962
20146
13079
6255
87808
43492
48484
8888
199
39584
12996
50114
67928
59554
28036
65323
43260
83103
26000
54283
90715
82493
18071
31391
85069
24359
2127
19415
73452
72109
52009
47884
19481
17921
8237
48783
86175
20537
30654
59335
15565
30223
9730
96484
9016
82960
19728
71976
59509
56110
58606
69389
39747
25179
325
42288
20976
39427
45722
10407
63284
53011
1656
1960
56796
90385
13130
85929
60698
83449
61064
30003
15116
59318
88083
8510
12796
76225
78038
83728
36273
95040
69290
5737
70699
11921
62497
57559
34937
11967
68757
22802
89361
1859
16818
5081
64641
90506
15494
21618
42844
11234
77769
91003
25207
33738
25920
30482
80458
67731
98547
9452
46551
11141
17906
28058
64777
99257
47491
96923
25958
31605
69689
13392
62723
42610
71962
98040
23095
81781
6679
90569
13040
17107
27538
24072
68794
44295
27843
5170
61431
49266
76031
78014
57568
84903
74408
12912
56124
56845
22721
96774
2477
23996
84951
37769
69711
64733
8010
87772
31684
28065
70777
15151
52702
76928
37798
61041
90195
31235
15159
1940
24568
8666
77429
41859
68291
38060
96891
4008
37081
14936
39801
38602
5630
653
88346
61413
42346
50060
43155
98504
99618
73793
57386
90417
51605
83893
56415
90403
47460
55281
80965
34259
33535
63411
58476
17830
49950
88498
15762
63827
78709
76648
3281
46288
95236
4199
56315
63572
36294
3950
25466
96072
58488
40021
12571
87907
9531
74021
19978
84846
8667
59239
22710
75961
24903
80190
25516
31899
71945
86520
82093
23063
21989
58341
68637
56411
24377
36695
78848
40629
87939
24503
74503
97807
34156
62182
50417
1108
11975
77866
30360
80815
4946
37758
12915
31678
63493
19773
24883
98507
57697
96188
97742
21156
19492
40886
16695
11362
92796
99488
71458
31822
92516
65212
53854
58222
54561
5821
74512
74489
21854
40430
5862
43806
76572
59830
76935
16913
38254
81330
7034
95565
98934
44552
96197
87687
34256
11208
68185
60688
91479
97423
212
6634
23537
22187
5718
24162
43686
75352
40023
47197
80491
45574
81071
74836
59698
23793
30615
16619
51476
9878
91300
9280
24273
15944
32139
87901
91730
6457
9936
96090
80405
8507
67392
71921
97624
90485
32509
17058
84053
9056
38761
66881
67652
43820
67827
86539
68756
75940
11522
56020
54185
62745
5378
12478
15361
27648
32591
57804
51114
5407
1643
62062
3153
69230
7582
5492
56267
4548
24402
25091
43625
34491
76122
82956
54771
84671
89251
60884
19510
88585
23966
23006
93578
93072
1101
85771
15144
12804
56789
79029
13672
62929
56452
70626
94218
82289
63104
58129
30841
77341
96086
79406
98217
45368
8853
34325
28094
68414
1829
49571
96468
4353
37175
13612
55326
41027
80158
26146
81081
9037
68945
70226
55655
42987
99493
5156
71885
7371
40301
82054
11062
96622
36850
31978
13067
996
85569
13948
72400
83723
63617
69509
98763
45581
35086
34309
39666
52938
74357
71462
33094
16492
68430
66932
82113
40799
2857
30936
50786
12169
45174
92615
72343
55136
64657
17539
11679
98520
61559
70914
8558
69979
28310
16628
43886
8617
70582
84325
10609
83773
60196
61035
8650
88554
8496
53175
56624
81778
98521
3054
99555
14702
53784
15992
6597
16211
69194
14528
90342
16400
16354
46303
53840
76256
98924
34352
74233
58469
44402
59554
65473
92325
11873
63442
61260
40662
10249
21987
51910
47471
54216
72770
23396
26311
56776
45776
36294
61954
12837
27938
92949
44180
34720
11347
52144
31547
93859
29961
70187
19218
1967
63480
28824
92801
56005
78254
41758
78345
76024
63313
62888
62182
75965
88616
20
99446
16943
88167
21090
76865
66681
87281
9776
70011
74306
28507
10897
784
23877
43001
19943
18685
44017
61393
50663
72150
0
18451
85191
83773
49318
2565
67573
60517
76163
20310
64820
35673
38735
86474
82918
89700
55763
88176
58289
43592
23684
85272
45694
87312
41033
96808
52814
99309
14716
17289
7282
93353
48664
37206
69604
67613
63262
55702
47796
99513
43973
93505
41167
11975
48192
74699
74970
48135
77209
35586
90516
32097
74020
93939
72036
61598
14596
31644
21024
50657
30540
25375
44184
24028
83587
16224
15658
19856
19561
37558
84741
43436
76059
55586
66036
45521
25265
99522
44789
5606
62775
8933
93318
78453
27186
61498
50915
9438
27633
18338
31501
65111
10973
75542
81248
88830
30764
20180
9450
50278
7265
30181
89947
52739
52663
92766
49876
95847
81778
79641
27773
13984
19524
1907
28714
14795
20137
85051
21919
68571
73613
53533
88336
20406
36500
8238
11250
33658
77523
61417
3982
27873
30287
36601
8510
32181
9248
40385
83115
97271
67422
73958
83475
14942
9698
97634
15790
89144
10077
60392
38876
49566
65429
24580
9581
20553
24519
32881
25428
54124
15504
35956
54713
58628
56044
16328
33421
99220
91316
41903
47338
4358
10528
35795
16242
1958
22183
29401
17446
49856
13706
75690
6508
4691
63552
29072
16898
23184
65130
49134
29779
84520
70783
51071
60711
51390
53721
79340
46002
71128
66945
41536
16161
62396
46441
65109
46912
2733
99273
65882
3942
78523
31608
42666
30483
45840
59658
1853
53451
57456
77465
13027
74924
72755
22208
40265
88588
35554
75399
15705
10950
10189
46869
25579
71633
9626
83270
81940
33615
23988
49797
44087
21290
18465
26717
2016
6307
96952
28085
72324
69430
71854
52863
62483
30631
58875
82540
45457
64202
99458
26793
43264
89249
90253
64882
32600
80763
88397
66113
24814
43650
38421
71471
13325
14704
92114
39240
77194
24230
95495
3185
80520
24962
61688
51173
85054
95633
61274
3023
70490
74102
61459
59131
55731
19134
43092
49684
63609
81945
88066
16489
19086
60983
47515
8297
16043
89498
46596
66513
29390
59064
4098
56698
83057
38903
53437
62171
93769
52099
52998
32503
17932
83438
34769
45416
86231
61028
63942
73159
74591
91059
23790
59376
45881
58286
62158
41539
52700
80957
4286
79319
9582
78633
68633
71436
6978
63278
79661
33593
85641
33678
24019
83873
45900
87959
71055
56090
73886
13136
99466
87468
79878
14852
33585
47185
94452
77665
69989
29227
48312
48186
3747
30100
87419
74967
53831
77174
93468
79258
24239
23836
30000
84272
6640
30732
56866
20302
67796
46047
94520
53183
92284
757
75710
13582
59958
25258
99050
5477
71854
41404
62598
87794
18669
70672
25866
73680
9279
61119
13810
21396
31222
48235
79932
19508
73390
49200
46921
79502
60058
35816
43107
12991
34885
19949
88114
92668
38947
40399
88791
37137
18472
68262
55702
47204
18513
61827
46191
68705
12936
24481
40008
72092
10959
98701
24415
30260
62829
41239
70937
25657
54294
82366
20785
54843
77494
67348
65324
57073
73740
80040
57229
27770
51427
50967
81435
60421
20625
32885
14336
73045
58511
54072
71555
19528
96366
8243
1389
86242
26549
14005
46452
59994
46550
33202
22295
91561
23582
37377
18857
59502
2216
70546
69287
57186
44360
82766
11741
18630
94925
65736
79808
92268
82535
50867
30331
88457
85600
51030
13688
8614
41902
27231
59969
83569
93573
27049
1033
21840
38904
18887
46967
81745
24715
36142
39199
42880
64591
21911
91300
36299
22236
7082
84664
78799
48773
73599
27767
10098
94434
87324
81562
91370
32447
74898
71534
92665
8759
96521
50623
74102
75128
68451
33704
36791
87907
73509
70151
78226
67541
74878
45084
6028
83461
80846
25003
8958
21037
90621
8374
112
97660
92653
35891
43018
81086
83630
89140
36742
19262
1275
61481
98184
69166
70954
65573
20192
80193
22212
78419
59124
89841
40080
18663
21947
97171
88324
36475
13841
31139
44181
41192
51337
28865
45343
58857
52711
75259
67128
14444
64388
15337
1005
93911
95130
30143
56421
48145
76966
67126
23842
52242
46718
75249
62325
55381
91857
55430
48945